#ID         T    z      V   Ve  ICO  ICOe LpCO  LpCOe nu
SPT0113−46 (2−1) 4.2334 390 42  1.70 0.13 2.63  0.20  43.0
SPT0125−47 (1−0) 2.5146 428 27  2.70 0.22 7.93  0.65  35.2
SPT0243−49 (2−1) 5.6965 598 47  1.00 0.08 2.43  0.19  37.1
SPT0345−47 (2−1) 4.2958 357 55  1.80 0.20 2.85  0.32  42.5
SPT0346−52 (2−1) 5.6551 613 30  2.15 0.15 5.16  0.36  37.1
SPT0418−47 (2−1) 4.2253 324 19  1.30 0.12 2.00  0.18  43.0
SPT0441−46 (2−1) 4.4812 552 77  0.95 0.14 1.60  0.24  43.0
SPT0452−50 (1−0) 2.0078 612 59  0.96 0.12 1.91  0.24  37.4
SPT0459−59 (2−1) 4.7995 561 43  1.10 0.08 2.06  0.32  38.7
SPT0538−50 (1−0) 2.7855 350 50  1.20 0.20 4.18  0.70  32.8
SPT0551−48 (1−0) 2.5833 485 40  1.40 0.20 4.29  0.61  31.8
SPT2103−60 (2−1) 4.4340 476 37  1.60 0.25 2.66  0.41  41.9
SPT2132−58 (2−1) 4.7678 225 17  0.85 0.07 1.58  0.13  39.3
SPT2134−50 (1−0) 2.7788 469 180 1.00 0.18 3.48  0.63  31.9
SPT2146−55 (2−1) 4.5664 231 37  0.95 0.16 1.65  0.28  41.9
SPT2147−50 (2−1) 3.7599 290 52  1.25 0.25 1.60  0.32  47.5
SPT2332−53 (1−0) 2.7256 342 42  1.70 0.25 5.77  0.85  33.2