#ID                  T       ra           dec      z      ICO  ICOe SN   V     V_e  LpCO  LpCO_err  LpCO10  LpCO10_err  log10 M(H2)  log10 M(H2)_err   
SMM-J021725−045934 (4–3) 02h17m25.16s -04d59m34.7s 2.2920 1.10 0.19 4.7  850   90   1.8   0.6       4.4     0.5         10.64        0.03
SMM-J021738−050339 (4–3) 02h17m38.71s -05d03m39.7s 2.0370 3.20 0.50 5.3  930   70   4.2   0.9       10.2    3.0         11.01        0.03
SMM-J021738−050528 (4–3) 02h17m38.91s -05d05m28.4s 2.5410 1.90 0.19 6.2  490   60   3.7   1.1       8.9     2.8         10.95        0.03
SMM-J030227+000653 (2–1) 03h02m27.66s +00d06m53.0s 1.4060 0.40 0.10 4.2  320   40   1.0   0.3       1.2     1.4         10.09        0.07
SMM-J044315+021002 (3–2) 04h43m07.25s +02d10m23.3s 2.5087 1.40 0.20 7.0  350   60   4.6   1.4       11.4    3.4         11.04        0.13
SMM-J094303+470016 (4–3) 09h43m03.74s +47d00m15.0s 3.3460 1.10 0.10 11.0 420   50   3.9   0.9       6.8     1.6         10.82        0.10
SMM-J105141+571952 (2–1) 10h51m41.31s +57d19m52.0s 1.2138 2.50 0.19 10.7 625   50   4.8   0.4       5.8     0.5         10.76        0.03
SMM-J105151+572636 (2–1) 10h51m51.77s +57d26m35.3s 1.5973 0.60 0.30 6.2  700   300  2.0   1.1       2.4     1.4         10.40        0.30
SMM-J105227+572512 (3–2) 10h52m27.34s +57d25m17.6s 2.4432 0.44 0.11 5.0  310   90   1.4   0.3       2.7     0.6         10.42        0.12
SMM-J105307+572430 (2–1) 10h53m07.07s +57d24m31.9s 1.5237 0.56 0.08 6.9  320   50   1.7   0.2       2.0     0.3         10.30        0.06
SMM-J123549+621536 (3–2) 12h35m49.30s +62d15m36.8s 2.2020 1.68 0.17 9.3  590   65   4.4   0.4       8.4     0.7         10.92        0.05
SMM-J123555+620901 (2–1) 12h35m54.85s +62d08m54.7s 1.8642 0.84 0.30 4.3  380   70   3.6   1.1       4.3     1.5         10.64        0.13
SMM-J123606+621047 (3–2) 12h36m06.21s +62d10m24.9s 2.5054 0.45 0.15 4.3  350   40   1.5   0.5       2.8     0.8         10.44        0.14
SMM-J123618+621550 (4–3) 12h36m18.47s +62d15m51.0s 1.9964 1.50 0.20 8.6  1320  120  1.8   0.3       4.5     0.6         10.64        0.06
SMM-J123634+621241 (2–1) 12h36m34.57s +62d12m41.0s 1.2245 1.50 0.20 9.5  390   40   3.9   0.3       3.5     0.4         10.55        0.04
SMM-J123707+621408 (3–2) 12h37m07.28s +62d14m08.6s 2.4870 1.00 0.30 5.9  510   70   2.9   0.9       6.4     1.5         10.80        0.13
SMM-J123711+622212 (7–6) 12h37m11.86s +62d22m12.6s 4.0510 1.60 0.20 6.4  510   150  2.1   1.0       11.6    4.3         10.31        0.17
SMM-J123711+621325 (3–2) 12h37m11.19s +62d13m31.2s 1.9951 1.90 0.50 4.8  660   140  4.2   1.1       8.0     1.7         10.90        0.11
SMM-J123712+621322 (3–2) 12h37m12.12s +62d13m22.2s 1.9964 1.20 0.40 4.7  350   100  2.6   0.8       5.0     1.4         10.70        0.14
SMM-J131201+424208 (4–3) 13h12m01.20s +42d42m08.8s 3.4080 1.70 0.30 5.7  530   50   5.9   1.5       14.4    3.8         11.15        0.13
SMM-J163650+405734 (3–2) 16h36m50.41s +40d57m34.4s 2.3834 1.97 0.14 8.1  910   80   5.9   0.4       11.2    0.7         11.05        0.03
SMM-J163658+410523 (3–2) 16h36m58.22s +41d05m23.4s 2.4546 1.50 0.20 5.0  660   120  4.7   0.6       9.0     1.0         10.95        0.06
SMM-J163658+405728 (2–1) 16h36m58.78s +40d57m27.6s 1.1928 0.80 0.18 6.3  220   60   1.5   0.3       1.9     0.4         10.27        0.10
SMM-J163706+405313 (3–2) 16h37m06.52s +40d53m15.6s 2.3774 0.65 0.15 4.4  430   90   1.9   0.4       3.7     0.7         10.56        0.10
SMM-J221804+002154 (3–2) 22h18m04.47s +00d21m53.0s 2.5166 1.30 0.40 6.0  520   100  4.8   0.7       9.4     1.1         10.97        0.10
SMM-J221735+001537 (3–2) 22h17m35.10s +00d15m37.0s 3.0963 0.70 0.20 4.7  560   110  3.3   1.0       6.3     1.6         10.80        0.13
SMM-J123618+621007 (3–2) 12h36m19.37s +62d10m07.5s 2.2030 0.28 0.10 4.0  270   90   0.7   0.3       1.4     0.4         10.14        0.17
SMM-J123632+620800 (3–2) 12h36m33.04s +62d08m05.1s 1.9938 1.80 0.50 4.5  310   110  3.8   1.1       7.0     1.8         10.84        0.13
SMM-J131208+424129 (2–1) 13h12m08.75s +42d41m28.7s 1.5432 0.67 0.17 3.6  550   40   2.0   0.5       2.5     0.7         10.39        0.12
SMM-J131232+423949 (3–2) 13h12m32.13s +42d39m57.0s 2.3298 2.00 0.60 4.9  590   100  5.7   1.7       10.8    2.9         11.03        0.13
SMM-J163639+405635 (2–1) 16h36m39.32s +40d56m35.9s 1.4883 0.40 0.19 4.5  260   80   1.4   0.5       1.7     0.7         10.23        0.11
SMM-J221737+001025 (3–2) 22h17m37.59s +00d10m24.1s 2.6149 0.29 0.11 4.2  270   50   1.0   0.4       2.0     0.7         10.29        0.14