#G  Line    nu_obs  SCO     SCO_e   V     V_e   DV    DV_e  L'CO               S60   S100  logFIR  z
#           GHz     Jy km/s Jy km/s km/s  km/s  km/s  km/s  10^10 K km/s pc^2  Jy    Jy    Lsun  
S1  (2-1)  133.490 2.1     0.3     354.  37.   469.  73.   1.53               0.26  0.44  13.09   0.727
S10 (2-1)  141.698 1.3     0.2     132.  27.   291.  64.   0.68               0.15  0.03  12.51   0.627
S12 (3-2)  190.837 4.8     1.4      20.  36.   271.  102.  1.93               0.15  0.03  12.79   0.812
S14 (2-1)  141.175 1.1     0.2       1.  15.   122.  29.   0.61               0.22  0.54  12.94   0.633
S22 (2-1)  138.047 1.8     0.4    –656.  25.   249.  57.   1.11               0.19  0.03  12.68   0.670
S27 (3-2)  181.330 1.5     0.3    –128.  28.   211.  60.   0.77               0.03  0.26  12.82   0.907
S29 (2-1)  134.818 4.4     0.5      68.  18.   373.  48.   3.02               0.17  0.21  12.84   0.710
S30 (2-1)  136.494 2.4     0.4    –133.  21.   267.  43.   1.52               0.24  0.23  12.92   0.689
S34 (2-1)  133.259 3.6     0.5     –60.  41.   569.  96.   2.58               0.19  0.56  13.07   0.730
S35 (2-1)  142.022 1.8     0.5      93.  19.   182.  70.   0.93               0.07  0.16  12.41   0.623
S42 (2-1)  143.472 2.3     0.4     –98.  93.   1001. 244.  1.12               0.06  0.20  12.41   0.607
S43 (2-1)  138.878 4.7     0.6     560.  23.   385.  49.   2.75               0.05  0.14  12.38   0.660
S44 (2-1)  138.047 5.9     1.0      60.  36.   415.  72.   3.59               0.07  0.25  12.57   0.670
S47 (2-1)  131.030 3.1     0.7      46.  46.   437.  153.  2.45               0.03  <0.11 12.34   0.759