#G  Line    nu_obs  SCO     SCO_e   V     V_e   DV   DV_e  L'CO               S60   S100  logFIR  z
#           GHz     Jy km/s Jy km/s km/s  km/s  km/s km/s  10^10 K km/s pc^2  Jy    Jy    Lsun  
G1  (1–0) 88.534  7.5     1.4      –29. 33.   398. 98.   3.58               0.68  0.77  12.54   0.3023
G3  (1–0) 92.513  2.3     0.5     –168. 41.   314. 66.   0.73               1.18  1.55  12.59   0.2460
G4  (1–0) 94.253  6.5     0.7      248. 24.   434. 52.   1.67               1.23  1.52  12.50   0.2230
G5  (1–0) 94.718  3.4     0.6      178. 20.   240. 44.   0.83               1.36  1.54  12.51   0.2170
G8  (1–0) 93.186  3.4     0.7     –135. 32.   301. 82.   1.0                0.99  1.43  12.49   0.2366
G9  (1–0) 92.439  2.1     0.5      469. 30.   290. 72.   0.67               0.94  1.10  12.48   0.2473
G11 (1–0) 89.985  4.5     0.6       85. 30.   428. 66.   1.86               0.84  1.15  12.58   0.2810
G12 (1–0) 92.811  7.7     0.8       –5. 21.   430. 44.   2.33               1.48  1.99  12.68   0.2417
G14 (1–0) 92.811  2.4     0.7      –10. 70.   420. 140.  0.73               1.06  1.43  12.53   0.2425
G15 (1–0) 88.330  6.9     1.1      200. 34.   433. 73.   3.38               1.22  1.27  12.79   0.3053
G17 (1–0) 82.337  8.3     0.9      478. 19.   363. 46.   7.14               0.32  0.64  12.59   0.4000
G18 (1–0) 85.008  7.6     0.7      253. 32.   651. 64.   5.18               0.61  1.22  12.75   0.3560
G19 (2–1) 159.874 1.5     0.4      –28. 30.   225. 63.   0.40               0.53  <0.44 12.78   0.4420
G22 (1–0) 87.129  1.5     0.3      –41. 26.   196. 44.   0.82               0.62  0.99  12.62   0.3233
G23 (2–1) 159.763 4.7     0.7       91. 25.   370. 60.   1.27               0.23  0.62  12.61   0.4430
G27 (2–1) 146.373 2.1     0.6     –126. 34.   231. 90.   0.95               0.43  <0.94 13.11   0.5750
G29 (1–0) 84.170  1.9     0.3       –6. 10.   270. 20.   1.42               0.74  0.83  12.78   0.3695
G30 (1–0) 91.123  3.8     0.4      185. 20.   270. 30.   1.40               1.45  1.82  12.75   0.2644