#ID              z       ze     SCO   SCOe V    Ve  ICO  ICOe LpCO LpCOerr 
J084933.4+021443 2.4100  0.0031 0.83  0.19 1180 320 1040 370  29.2  10.4
J090302.9−014127 2.3051  0.0002 3.48  0.27 270  30  1000 130  26.1  3.3
J090311.6+003906 3.0425  0.0003 2.45  0.13 430  30  1120 90   46.9  3.8
J091305.0−005343 2.6256  0.0005 1.98  0.20 360  40  760  120  24.9  3.8
J091840.8+023047 2.5811  0.0012 1.43  0.22 680  140 1040 260  32.9  8.3
J113243.1−005108 2.5778  0.0007 1.64  0.26 380  90  660  190  20.7  6.0
J113526.3−014605 3.1276  0.0005 1.61  0.25 210  30  350  80   15.4  3.3
J114637.9−001132 3.2592  0.0010 1.39  0.15 680  80  990  160  46.7  7.4
J115820.2−013753 2.1911  0.0003 2.74  0.31 260  30  740  120  17.6  2.8
J133649.9+291801 2.2024  0.0002 4.18  0.36 210  20  930  120  22.2  2.9
J134429.4+303036 2.3010  0.0009 2.28  0.18 1140 130 2740 390  71.2  10.0
J141351.9−000026 2.4782  0.0005 2.77  0.21 500  40  1470 170  43.4  5.0