#ID        ra(1950)    dec(1950)  cz    V    ICO    ICO/S100mum LCO    M'(H2)    S2.5  S60    S100   S60/S100 LFIR      LFIR/M'(H2) LFIR/L'CO
#          hhmmss      ddmmss     km/s  km/s K km/s K km/s/Jy   10^9Ll 10^10Msun Jy    Jy     Jy              10^12Lsun Lsun/Msun   Lsun/Ll
00057+4021 00h05m45.1s +40d21m14s 13390 350  9.9    2.30        3.8    1.7       0.36  4.47   4.30   1.04     0.31      17          80
00188+0856 00h18m53.7s -08d56m07s 38530 390  2.2    0.65        6.7    3.1       0.37  2.59   3.40   0.76     1.51      48          224
00262+4251 00h26m12.9s +42d51m40s 29153 230  3.5    1.43        6.2    2.9       0.33  2.98   2.44   1.22     0.99      34          160
I_Zw_1     00h50m57.8s +12d25m19s 18330 410  7.0    2.66        5.0    2.3       1.21  2.24   2.63   0.85     0.29      12          57
Mrk_1014   01h57m16.6s +00d09m07s 48947 200  1.8    0.83        8.7    4.0       0.54  2.22   2.16   1.03     2.14      53          245
02483+4302 02h48m20.4s +43d02m56s 15419 250  5.7    0.82        2.9    1.3       0.19  4.02   6.92   0.58     0.41      30          142
03158+4227 03h15m52.3s +42d27m36s 40296 180  2.1    0.49        7.0    3.2       0.45  4.26   4.28   1.00     2.75      85          392
03521+0028 03h52m07.8s +00d28m20s 45530 150  2.2    0.57        9.3    4.3       0.23  2.64   3.84   0.69     2.26      52          242
04232+1436 04h23m15.2s +14d36m53s 23855 400  7.5    1.76        9.0    4.1       <0.38 3.45   4.26   0.81     0.75      18          83
VII_Zw_31  05h08m17.5s +79d36m40s 16260 200  21.0   2.18        11.8   5.4       0.58  5.58   9.62   0.58     0.64      11          53
07598+6508 07h59m53.0s +65d08m21s 44621 337  2.8    1.62        11.4   5.2       0.53  1.69   1.73   0.98     1.34      25          118
08030+5243 08h03m01.5s +52d43m45s 25031 420  6.7    1.53        8.8    4.1       0.18  2.99   4.39   0.68     0.75      18          85
08572+3915 08h57m13.0s +39d15m39s 17450 270  2.0    0.44        1.3    0.6       1.70  7.43   4.59   1.62     1.00      166         766
09320+6134 09h32m04.7s +61d34m37s 11785 350  15.6   0.77        4.7    2.1       1.03  11.54  20.23  0.57     0.69      32          148
10035+4852 10h03m35.5s +48d52m25s 19427 250  8.8    1.41        7.0    3.2       0.28  4.59   6.24   0.74     0.67      20          94
10190+1322 10h19m01.4s +13d22m04s 22953 390  7.4    1.33        8.2    3.8       0.38  3.35   5.57   0.60     0.75      19          91
10495+4424 10h49m30.1s +44d24m46s 27674 330  5.1    0.94        8.2    3.8       0.16  3.53   5.41   0.65     1.12      29          136
10565+2448 10h56m35.4s +24d48m43s 12923 300  15.7   1.04        5.6    2.6       1.14  12.12  15.13  0.80     0.76      29          135
11506+1331 11h50m39.8s +13d31m05s 38158 290  2.5    0.75        7.5    3.4       0.19  2.58   3.32   0.78     1.47      42          196
Mrk_231    12h54m05.0s +57d08m39s 12650 230  22.0   0.73        7.5    3.5       8.66  31.99  30.29  1.06     1.96      56          259
13106-0922 13h10m37.3s -09d22m15s 52290 200  1.7    0.70        9.4    4.3       <0.36 1.66   2.42   0.69     1.89      43          201
Arp_193    13h18m17.0s +34d24m07s 7000  410  36.0   1.43        3.8    1.8       1.36  15.44  25.18  0.61     0.31      17          81
Mrk_273    13h42m51.6s +56d08m14s 11324 300  19.0   0.89        5.1    2.3       2.28  21.74  21.38  1.02     1.06      43          202
13442+2321 13h44m18.0s +23d21m14s 42620 140  1.4    0.62        5.2    2.4       0.11  1.62   2.26   0.72     1.18      49          227
14070+0525 14h07m00.5s +05d25m41s 79621 270  0.8    0.42        9.5    4.4       0.19  1.45   1.82   0.80     3.80      87          401
15030+4835 15h03m01.3s +48d35m24s 64900 270  1.5    1.03        12.5   5.8       <0.08 0.90   1.46   0.62     1.70      29          135
Arp_220    15h32m46.9s +23d40m08s 5450  480  109.0  0.97        7.0    3.2       7.91  103.80 112.40 0.92     1.16      35          164
16090-0139 16h09m04.9s -01d39m25s 40044 300  3.7    0.76        12.2   5.6       0.26  3.61   4.87   0.74     2.29      40          188
16334+4630 16h33m24.3s +46d30m58s 57250 320  1.5    0.69        9.5    4.4       <0.10 1.19   2.09   0.57     1.80      41          189
NGC_6240   16h50m27.2s +02d28m58s 7298  370  69.0   2.48        7.9    3.7       3.42  22.68  27.78  0.82     0.45      12          56
17208-0014 17h20m48.2s -00d14m17s 12837 360  20.0   0.57        7.1    3.2       1.66  34.14  34.90  0.98     2.14      65          302
18368+3549 18h36m49.5s +35d49m36s 34850 330  3.4    0.89        8.5    3.9       <0.25 2.23   3.84   0.58     1.20      30          140
19297-0406 19h29m43.1s -04d06m24s 25700 300  6.8    0.88        9.4    4.3       0.59  7.05   7.72   0.91     1.80      41          191
19458+0944 19h45m52.0s +09d44m30s 29980 350  6.4    0.90        12.0   5.5       <0.28 3.94   7.11   0.55     1.59      28          132
20087-0308 20h08m46.4s -03d08m52s 31688 400  7.7    1.18        16.1   7.4       0.24  4.70   6.54   0.72     1.87      25          116
22542+0833 22h54m11.3s +08d33m22s 49750 150  1.2    0.81        6.0    2.8       <0.18 1.20   1.48   0.81     1.18      42          196
23365+3604 23h36m32.3s +36d04m34s 19330 310  10.7   1.28        8.5    3.9       0.81  7.09   8.36   0.85     1.01      25          119