#Source   IAU name         zco    <V> <Ve>   DL  DLe LIR  LIRe  mu muLpCO10 muLpCO10e muH2  muH2e  LpCO10 LpCO10 Mgas Mgase  T     V  Ve    I   Ie   muLp  muLpe
#                                                      10^12            10^11           11^11         10^10         10^10                             10^10
#                                   km/s       Mpc     Lsun         K km s^-1 pc^2      Msun       K km/s pc^2     Msun            km/s    Jy km/s   K km/s pc^2
G09v1.97  J083051.0+013224 3.6345 348 164  32751 588 22.5 6.5   1   6.9      3.0      5.5    2.4    10.0  4.4    1.0  0.5   (5-4) 237 33   9.7  1.2  22.1  2.7
G09v1.40  J085358.9+015537 2.0924 263 70   16835 283 4.3  1.9   1   3.6      1.1      2.8    0.9    2.3   0.9    2.5  1.0   (4-3) 222 35   8.8  1.2  12.4  1.7
SDP17b    J090302.9−014127 2.3053 286 44   18942 322 14.5 5.7   1   3.8      0.9      3.0    0.7    7.8   2.1    8.5  2.3   (4-3) 271 42   9.0  1.2  15.0  2.0
SDP81     J090311.6+003906 3.0413 560 139  26469 466 5.3  1.5   1   6.4      1.6      5.1    1.2    5.7   1.5    6.2  1.6   (3-2) 513 101  7.0  1.2  33.0  5.6
G12v2.43  J113526.3−014605 3.1271 237 68   27367 484 90   2     0   4.2      0.9      3.3    0.7    41    9      45   10    (3-2) 247 35   4.4  0.5  21.6  2.6
G12v2.30  J114637.9−001132 3.2596 713 153  28761 511 16.4 4.4   1   7.9      2.2      6.3    1.8    8.3   2.4    9.1  2.6   (6-5) 704 43   19.8 1.1  26.1  1.4
NCv1.143  J125632.7+233625 3.5650 265 55   32007 574 11.4 3.9   1   6.5      1.4      5.2    1.1    5.7   1.5    6.2  1.6   (3-2) 270 36   5.5  0.6  33.7  3.9
#NAv1.195 J132630.1+334410 2.9510 266 19   25528 448 18.3 5.1   1   
NAv1.177  J132859.3+292317 2.7778 252 35   23736 414 62   2     0   5.6      1.1      4.5    0.9    56    11     61   12    (3-2) 262 26   7.2  0.6  29.1  2.5
NBv1.78   J133008.4+245900 3.1080 597 121  27167 480 8.4  3.1   1   3.1      0.7      2.5    0.6    2.4   0.6    2.6  0.7   (5-4) 434 63   8.4  1.0  14.8  1.7
NAv1.144  J133649.9+291801 2.2023 208 35   17918 303 13.6 8.3   1   2.5      0.6      2.0    0.4    5.8   1.6    6.3  1.8   (3-2) 230 34   4.8  0.6  13.2  1.7
NAv1.56   J134429.4+303036 2.3001 650 28   18890 321 9.8  2.8   1   6.4      1.1      5.1    0.9    5.5   1.1    6.0  1.2   (5-4) 409 201  14.1 6.0  14.9  6.4
G15v2.235 J141351.9−000026 2.4789 480 111  20686 355 15.6 4.7   1   5.2      1.0      4.2    0.8    28.8  7.6    31.4 8.2   (5-4) 531 131  11.3 2.4  13.7  2.9
G12v2.890 J113243.1−005108 2.5763 344 92   21694 375 25   3     0   1.8      0.5      1.5    0.4    18    5      19   5     (3-2) 344 92   2.7  0.6  9.5   2.2
G12v2.257 J115820.2−013753 2.1914 395 206  17810 301 26   3     0   2.1      0.6      1.7    0.5    21    6      23   7     (3-2) 318 82   4.0  0.9  10.9  2.4
#G15v2.779 J142414.0+022303 4.2430 830 86   39349 718 22.0 7.0   1   8.3      1.8      6.6    1.4    18.0  4.3    19.5 4.6   